# Created by Octave 4.4.0, Thu Jul 26 21:01:33 2018 GMT <unknown@LOKESH-PC>
# name: txx1
# type: matrix
# rows: 56
# columns: 56
 0.40784313725490196 0.77254901960784317 0.75686274509803919 0.79607843137254897 0.81568627450980391 0.81960784313725488 0.80784313725490198 0.80784313725490198 0.83529411764705885 0.80000000000000004 0.8666666666666667 0.84313725490196079 0.83921568627450982 0.80392156862745101 0.77647058823529413 0.83529411764705885 0.82352941176470584 0.80784313725490198 0.86274509803921573 0.83137254901960789 0.82352941176470584 0.83137254901960789 0.81960784313725488 0.792156862745098 0.81568627450980391 0.80784313725490198 0.78823529411764703 0.83921568627450982 0.83529411764705885 0.79607843137254897 0.82352941176470584 0.73333333333333328 0.81960784313725488 0.78823529411764703 0.75294117647058822 0.65098039215686276 0.78431372549019607 0.81568627450980391 0.72156862745098038 0.82745098039215681 0.81568627450980391 0.85490196078431369 0.74117647058823533 0.7686274509803922 0.72941176470588232 0.69019607843137254 0.71764705882352942 0.79607843137254897 0.97254901960784312 0.92156862745098034 0.76078431372549016 0.792156862745098 0.72156862745098038 0.72549019607843135 0.75294117647058822 0.49411764705882355
 0.81176470588235294 0.78431372549019607 0.792156862745098 0.7686274509803922 0.78823529411764703 0.77254901960784317 0.78823529411764703 0.81176470588235294 0.73333333333333328 0.81960784313725488 0.83921568627450982 0.80392156862745101 0.83529411764705885 0.80000000000000004 0.80392156862745101 0.81568627450980391 0.792156862745098 0.83137254901960789 0.79607843137254897 0.82745098039215681 0.85098039215686272 0.80392156862745101 0.77254901960784317 0.75686274509803919 0.80392156862745101 0.85098039215686272 0.8666666666666667 0.82745098039215681 0.84313725490196079 0.81176470588235294 0.7686274509803922 0.80000000000000004 0.79607843137254897 0.83921568627450982 0.68235294117647061 0.65490196078431373 0.68627450980392157 0.76470588235294112 0.78431372549019607 0.81960784313725488 0.85490196078431369 0.83137254901960789 0.77647058823529413 0.77647058823529413 0.80000000000000004 0.70588235294117652 0.7686274509803922 0.70196078431372544 0.77647058823529413 0.75294117647058822 0.80000000000000004 0.74117647058823533 0.70980392156862748 0.69803921568627447 0.79607843137254897 0.80000000000000004
 0.76078431372549016 0.78431372549019607 0.78823529411764703 0.81568627450980391 0.72156862745098038 0.71764705882352942 0.74509803921568629 0.81960784313725488 0.73333333333333328 0.7803921568627451 0.81568627450980391 0.77254901960784317 0.82352941176470584 0.77254901960784317 0.7686274509803922 0.74509803921568629 0.63921568627450975 0.75686274509803919 0.7686274509803922 0.80784313725490198 0.78431372549019607 0.78431372549019607 0.77647058823529413 0.80784313725490198 0.7803921568627451 0.81176470588235294 0.7803921568627451 0.60784313725490191 0.83137254901960789 0.75294117647058822 0.70196078431372544 0.78431372549019607 0.70588235294117652 0.75686274509803919 0.74117647058823533 0.69411764705882351 0.77254901960784317 0.80392156862745101 0.80000000000000004 0.80392156862745101 0.80392156862745101 0.7803921568627451 0.74509803921568629 0.70588235294117652 0.5607843137254902 0.71372549019607845 0.80392156862745101 0.73333333333333328 0.77647058823529413 0.81176470588235294 0.75294117647058822 0.68627450980392157 0.74901960784313726 0.76470588235294112 0.79607843137254897 0.77647058823529413
 0.792156862745098 0.80784313725490198 0.78431372549019607 0.78431372549019607 0.80000000000000004 0.78823529411764703 0.75294117647058822 0.70980392156862748 0.79607843137254897 0.82352941176470584 0.7803921568627451 0.71764705882352942 0.7803921568627451 0.75686274509803919 0.71764705882352942 0.69803921568627447 0.77647058823529413 0.72156862745098038 0.76078431372549016 0.82352941176470584 0.75686274509803919 0.76470588235294112 0.73725490196078436 0.73333333333333328 0.81176470588235294 0.75686274509803919 0.78431372549019607 0.792156862745098 0.72156862745098038 0.69019607843137254 0.69411764705882351 0.72549019607843135 0.66274509803921566 0.71764705882352942 0.71372549019607845 0.74509803921568629 0.7686274509803922 0.7686274509803922 0.81176470588235294 0.80392156862745101 0.82745098039215681 0.84705882352941175 0.80784313725490198 0.80000000000000004 0.76078431372549016 0.78823529411764703 0.72549019607843135 0.83137254901960789 0.73333333333333328 0.77254901960784317 0.73333333333333328 0.70588235294117652 0.68627450980392157 0.74901960784313726 0.7803921568627451 0.71764705882352942
 0.92941176470588238 0.80000000000000004 0.78823529411764703 0.73333333333333328 0.77254901960784317 0.76470588235294112 0.78431372549019607 0.78823529411764703 0.74901960784313726 0.72549019607843135 0.74117647058823533 0.70980392156862748 0.65098039215686276 0.70588235294117652 0.72156862745098038 0.68627450980392157 0.70196078431372544 0.67843137254901964 0.72156862745098038 0.81176470588235294 0.71372549019607845 0.77647058823529413 0.74117647058823533 0.76078431372549016 0.75686274509803919 0.76078431372549016 0.75294117647058822 0.67450980392156867 0.61960784313725492 0.61176470588235299 0.62745098039215685 0.69019607843137254 0.64313725490196083 0.66274509803921566 0.70588235294117652 0.69803921568627447 0.7686274509803922 0.76470588235294112 0.78431372549019607 0.81568627450980391 0.69019607843137254 0.81176470588235294 0.81568627450980391 0.792156862745098 0.87450980392156863 0.74117647058823533 0.7686274509803922 0.7686274509803922 0.77254901960784317 0.73725490196078436 0.76078431372549016 0.72156862745098038 0.72941176470588232 0.75686274509803919 0.73725490196078436 0.78823529411764703
 0.74901960784313726 0.83529411764705885 0.81568627450980391 0.79607843137254897 0.74901960784313726 0.79607843137254897 0.75294117647058822 0.81568627450980391 0.71372549019607845 0.70980392156862748 0.6705882352941176 0.72549019607843135 0.65490196078431373 0.65490196078431373 0.70980392156862748 0.68235294117647061 0.6705882352941176 0.69019607843137254 0.6470588235294118 0.72156862745098038 0.76470588235294112 0.72549019607843135 0.73333333333333328 0.72941176470588232 0.76078431372549016 0.72549019607843135 0.72156862745098038 0.57647058823529407 0.68235294117647061 0.61960784313725492 0.54117647058823526 0.65490196078431373 0.58431372549019611 0.56862745098039214 0.55294117647058827 0.63137254901960782 0.67450980392156867 0.74901960784313726 0.74509803921568629 0.78823529411764703 0.81176470588235294 0.65490196078431373 0.78431372549019607 0.74901960784313726 0.74117647058823533 0.81176470588235294 0.80392156862745101 0.792156862745098 0.75294117647058822 0.72156862745098038 0.74509803921568629 0.70196078431372544 0.69411764705882351 0.75294117647058822 0.76470588235294112 0.74509803921568629
 0.792156862745098 0.81960784313725488 0.80392156862745101 0.77254901960784317 0.70196078431372544 0.7803921568627451 0.792156862745098 0.75294117647058822 0.75686274509803919 0.69411764705882351 0.60392156862745094 0.70588235294117652 0.62745098039215685 0.65098039215686276 0.66666666666666663 0.59607843137254901 0.62745098039215685 0.61568627450980395 0.6705882352941176 0.70196078431372544 0.70196078431372544 0.72941176470588232 0.68627450980392157 0.66666666666666663 0.69411764705882351 0.62352941176470589 0.68235294117647061 0.61176470588235299 0.61176470588235299 0.62352941176470589 0.54509803921568623 0.36470588235294116 0.53725490196078429 0.56470588235294117 0.5607843137254902 0.63921568627450975 0.61176470588235299 0.73333333333333328 0.78431372549019607 0.75294117647058822 0.76078431372549016 0.70196078431372544 0.6470588235294118 0.74117647058823533 0.71764705882352942 0.75686274509803919 0.74117647058823533 0.72941176470588232 0.69803921568627447 0.73333333333333328 0.73725490196078436 0.66666666666666663 0.79607843137254897 0.76078431372549016 0.74117647058823533 0.7803921568627451
